72247 15000
91876 5000
36317 2500
49803 1000
31544 1000
80153 250
73235 250
42602 250
22801 250
10153 250
37482 250
87741 250
70248 250
38342 5
07198 5
78212 5
47094 5
24532 5
17737 5
28067 5
27836 5
64853 5
55179 5
97111 5
95677 5
09852 5
38743 5
53870 5
30899 5
60081 5
27607 5
87056 5
37912 5
35674 5
38400 5
49723 5
08311 5
25067 5
35790 5
64112 5
62080 5
41624 5
74039 5
04098 5
06951 5
14043 5
95175 5
36603 5
98145 5
03423 5
12014 5
73874 5
55965 5
97797 5
63601 5
03201 5
37240 5
80481 5
79255 5
99264 5
70960 5
40583 5
26335 5
38148 5
19233 5
20127 5
26497 5
62775 5
99109 5
17667 5
12767 5
27214 5
85779 5
32983 5
06645 5
09173 5
03512 5
58770 5
95106 5
04559 5
24750 5
88819 5
12468 5
60642 5
25214 5
80073 5
81155 5
32658 5
13508 5
02665 5
65509 5
59763 5
85605 5
66125 5
31483 5
07878 5
33797 5
42117 5
08365 5
10170 5
49021 5
03861 5
49175 5
30241 5
98696 5
69278 5
07138 5
40614 5
21010 5
21818 5
54475 5
28198 5
48583 5
33602 5
31789 5
57324 5
03261 5
80796 5
92564 5
02384 5
92890 5
01623 5
14029 5
22138 5
33026 5
97029 5
35553 5
87504 5
79848 5
12724 5
79302 5
89660 5
16077 5
40317 5
38993 5
14427 5
39603 5
72170 5
11032 5
50200 5
84092 5
13116 5
93505 5
58756 5
71009 5
92077 5
64058 5
40239 5
26285 5
18737 5
47460 5
69990 5
33436 5
56000 5
87349 5
99041 5
09501 5
53066 5
54394 5
23144 5
51845 5
48885 5
11390 5
24614 5
02656 5
41768 5
05077 5
95470 5
50233 5
83493 5
96446 5
37228 5
73163 5
30044 5
47710 5
38194 5
85746 5
09436 5
44401 5
40241 5
32646 5
38110 5
21167 5
22965 5
24017 5
07263 5
55257 5
65761 5
42122 5
94907 5
18891 5
39340 5
12146 5
44475 5
93924 5
55163 5
91962 5
39611 5
60968 5
48262 5
32641 5
72128 5
25226 5
50194 5
33967 5
37689 5
14521 5
68746 5
64637 5
73851 5
50660 5
13679 5
65804 5
28214 5
48044 5
95856 5
08694 5
34301 5
06037 5
67775 5
80926 5
84226 5
89506 5
11362 5
36204 5
89616 5
08955 5
98757 5
06720 5
56420 5
78341 5
60719 5
12952 5
35742 5
48129 5
92115 5
81305 5
93971 5
26278 5
34676 5
96463 5
43723 5
40571 5
71898 5
97649 5
57883 5
14747 5
14083 5
80337 5
33216 5
70840 5
36651 5
39511 5
76283 5
34594 5
08833 5
37527 5
50807 5
15920 5
42301 5
97899 5
64621 5
12442 5
45693 5
56892 5
43598 5
60525 5
40786 5
25071 5
83778 5
35216 5
97319 5
46127 5
93031 5
23787 5
36426 5
81585 5
73403 5
80949 5
48781 5
54241 5
83621 5
07143 5
19209 5
42813 5
26310 5
66752 5
04818 5
80670 5
39909 5
40858 5
51945 5
40412 5
61515 5
47424 5
13860 5
58643 5
99300 5
41343 5
26967 5
38885 5
91082 5
30825 5
05610 5
80891 5
67416 5
66221 5
73166 5
07504 5
83613 5
84472 5
38431 5
42302 5
38628 5
07617 5
79547 5
20314 5
96697 5
03384 5
95090 5
95078 5
64584 5
27484 5
94708 5
10671 5
97850 5
92721 5
78652 5
57503 5
28895 5
09999 5
86629 5
46519 5
82539 5
16900 5
78911 5
15122 5
87745 5
13548 5
83568 5
53268 5
39811 5
94350 5
74078 5
39155 5
62709 5
78132 5
31261 5
88646 5
69258 5
72887 5
09809 5
31088 5
29958 5
60613 5
33131 5
38350 5
84473 5
45483 5
95545 5
61147 5
26547 5
45557 5
37809 5
39271 5
00274 5
04265 5
78935 5
64152 5
10576 5
38379 5
40512 5
58049 5
50107 5
97026 5
55760 5
70715 5
11084 5
91846 5
32512 5
38630 5
55115 5
45414 5
83650 5
95840 5
86628 5
62945 5
72443 5
73224 5
20610 5
32121 5
08889 5
98856 5
75089 5
83734 5
01602 5
25916 5
50182 5
35394 5
63237 5
58799 5
28325 5
94999 5
92345 5
85197 5
92268 5
28111 5
00085 5
42105 5
46651 5
72379 5
07728 5
06583 5
26031 5
50028 5
87039 5
34490 5
83854 5
97052 5
11752 5
03452 5
12765 5
16417 5
46017 5
84310 5
00396 5
83206 5
99282 5
72471 5
95828 5
65430 5
38440 5
49877 5
12729 5
43181 5
01815 5
18815 5
69873 5
92188 5
63324 5
90267 5
67177 5
28881 5
33150 5
32946 5
76817 5
11857 5
40846 5
25721 5
38541 5
70163 5
08247 5
40236 5
76654 5
49411 5
38485 5
40277 5
65508 5
03513 5
96552 5
65915 5
39111 5
41798 5
87079 5
70164 5
32309 5
31667 5
73782 5
09119 5
23023 5
37068 5
43429 5
98025 5
93386 5
16415 5
15675 5
77125 5
99931 5
54323 5
13860 5
67139 5
32672 5
96626 5
62360 5
13350 5
34679 5
86316 5
49165 5
53151 5
62018 5
76758 5
31002 5
24632 5
59066 5
01873 5
65380 5
60188 5
02227 5
10757 5
96657 5
34286 5
30389 5
40576 5
06738 5
94765 5
78066 5
65342 5
24450 5
23703 5
01193 5
92761 5
72823 5
94121 5
09545 5
03975 5
51178 5
42736 5
04191 5
82006 5
29156 5
89263 5
36571 5
44277 5
40229 5
59539 5
91912 5
19745 5
80508 5
48129 5
62837 5
58736 5
48043 5
05926 5
96546 5
26112 5
89658 5
42286 5
64848 5
74429 5
94023 5
13323 5
98566 5
67550 5
70626 5
93405 5
67273 5
65421 5
08638 5
71430 5
55369 5
90204 5
76616 5
52713 5
88780 5
32447 5
47027 5
28401 5
74831 5
06410 5
07418 5
45771 5
19469 5
07861 5
88236 5
69876 5
88322 5
09341 5
15236 5
92299 5
41647 5
70925 5
78982 5
44619 5
09059 5
83196 5
12705 5
47230 5
61441 5
62866 5
19875 5
37723 5
93976 5
94992 5
27633 5
22224 5
14679 5
54297 5
20790 5
28323 5
77015 5
55495 5
29459 5
85347 5
51870 5
73644 5
94995 5
15759 5
20189 5
27228 5
27232 5
69111 5
08623 5
99169 5
11335 5
38412 5
37586 5
16037 5
60731 5
62101 5
31357 5
29609 5
54377 5
15098 5
49632 5
03496 5
01023 5
34622 5
45574 5
14506 5
53197 5
53733 5
96617 5
67504 5
53460 5
61293 5
23540 5
11726 5
95213 5
02472 5
76258 5
41628 5
56993 5
44812 5
35518 5
51626 5
60813 5
30275 5
97215 5
59516 5
20695 5
49073 5
89529 5
92335 5
31173 5
86912 5
92540 5
85397 5
36908 5
13057 5
77271 5
96415 5
95310 5
02464 5
87332 5
78428 5
84574 5
36179 5
91900 5
37949 5
67907 5
30463 5
56983 5
51932 5
46277 5
97032 5
80769 5
55204 5
81901 5
44370 5
42558 5
93642 5
74052 5
22145 5
81768 5
15519 5
13932 5
50791 5
17170 5
22750 5
69195 5
79746 5
68195 5
20366 5
47920 5
97526 5
60032 5
56769 5
53100 5
35599 5
02192 5
28200 5
24414 5
12044 5
63810 5
28236 5
33482 5
56850 5
79457 5
84502 5
09322 5
09987 5
64559 5
12045 5
04496 5
87759 5
50382 5
00942 5
05046 5
47872 5
67792 5
32745 5
12859 5
81983 5
67359 5
11541 5
00981 5
44670 5
01098 5
92178 5
53163 5
63148 5
26659 5
79892 5
46601 5
14069 5
35634 5
14165 5
88295 5
40352 5
34007 5
54591 5
91565 5
83606 5
57731 5
02945 5
30337 5
83643 5
30318 5
94500 5
12524 5
81199 5
15415 5
85803 5
85394 5
70167 5
38559 5
99726 5
81859 5
60853 5
66901 5
87780 5
07869 5
56311 5
15296 5
54172 5
25785 5
78600 5
21695 5
99041 5
04807 5
94776 5
59609 5
87226 5
30269 5
86963 5
17532 5
42328 5
62447 5
34307 5
42882 5
75624 5
14520 5
29924 5
92310 5
89053 5
99641 5
13870 5
34160 5
15854 5
26414 5
08046 5
05336 5
72231 5
71055 5
37688 5
09526 5
52454 5
67107 5
09533 5
16274 5
18812 5
18730 5
79601 5
91215 5
77428 5
48994 5
70948 5
18912 5
25627 5
32803 5
05148 5
69429 5
47431 5
19748 5
39523 5
60753 5
87390 5
41468 5
82314 5
81128 5
00576 5
60152 5
48513 5
45824 5
66993 5
52097 5
96552 5
03469 5
07797 5
74007 5
67061 5
82773 5
98223 5
32532 5
43981 5
78386 5
36882 5
83675 5
79503 5
78933 5
01426 5
96519 5
38169 5
28396 5
78971 5
72213 5
04240 5
21883 5
78313 5
79226 5
97397 5
58943 5
27046 5
37880 5
47955 5
63226 5
70956 5
46822 5
74779 5
34506 5
87211 5
93570 5
28135 5
67847 5
89697 5
15439 5
28584 5
65485 5
14334 5
54220 5
83690 5
54760 5
62654 5
89582 5
74488 5
85096 5
05343 5
10636 5
80108 5
89715 5
68592 5
68539 5
91319 5
96861 5
80066 5
71817 5
87703 5
52506 5
65430 5
74814 5
83040 5
83580 5
37409 5
86879 5
45226 5
78204 5
34831 5
04117 5
75165 5
28479 5
72618 5
33343 5
26197 5
93204 5
60351 5
37105 5
64669 5
71579 5
54874 5
67430 5
22902 5
44803 5
34062 5
91016 5
62007 5
49439 5
26824 5
71367 5
74747 5
03441 5
43787 5
33734 5
25416 5
54535 5
10490 5
57740 5
72024 5
83218 5
15794 5
13754 5
77183 5
14387 5
53510 5
34300 5
51110 5
72875 5
36255 5
23340 5
13779 5
58567 5
18470 5
86194 5
98932 5
20508 5
07387 5
46798 5
14203 5
97029 5
21955 5
60561 5
68581 5
58013 5
63555 5
97221 5
17042 5
45412 5
70170 5
05886 5
54094 5
19526 5
76001 5
13194 5
16208 5
66426 5
01806 5
55310 5
65182 5
95816 5
24462 5
18746 5
35340 5
05181 5
55613 5
21408 5
26309 5
82856 5
56878 5
72269 5
82086 5
91029 5
28048 5
18304 5
58586 5
24971 5
68241 5
99076 5
85679 5
94914 5
77775 5
11894 5
76230 5
44672 5
28039 5
12246 5
36260 5
94716 5
13140 5
55498 5
57494 5
13078 5
09780 5
08749 5
77523 5
57343 5
46209 5
75128 5
92057 5
98689 5
75629 5
99191 5
75533 5
73549 5
09977 5
40280 5
90867 5
28052 5
68334 5
13815 5
36375 5
41213 5
24348 5
86193 5
91467 5
98024 5
69988 5
19372 5
09327 5
33151 5
16938 5
37558 5
12613 5
90467 5
29103 5
92101 5
48281 5
74267 5
06070 5
68928 5
93884 5
36789 5
23032 5
44730 5
90459 5
98243 5
45225 5
93350 5
53301 5
82752 5
71742 5
41382 5
93078 5
21704 5
35163 5
01268 5
28876 5
81549 5
12514 5
33833 5
07979 5
87279 5
26930 5
07983 5
23412 5
72540 5
13154 5
98310 5
15647 5
52810 5
32163 5
30517 5
34126 5
35164 5
95799 5
73359 5
61773 5
61283 5
86535 5
60255 5
16267 5
18620 5
74499 5
59175 5
05233 5
23681 5
75854 5
39142 5
25360 5
72040 5
50804 5
10838 5
45085 5
19502 5
02450 5
55337 5
12026 5
24351 5
31642 5
23842 5
96009 5
44510 5
69430 5
96029 5
50821 5
60711 5
01658 5
81483 5
26248 5
83844 5
73898 5
25888 5
43135 5
23131 5
00340 5
39050 5
91079 5
60577 5
58432 5
51512 5
13882 5
86968 5
68748 5
98705 5
14149 5
87724 5
62864 5
09314 5
30377 5
19067 5
65478 5
28793 5
31017 5
95476 5
37332 5
06386 5
72651 5
19720 5
12703 5
01133 5
71413 5
93732 5
70241 5
10095 5
68026 5
84215 5
32713 5
45244 5
33409 5
82161 5
72415 5
51917 5
18622 5
29127 5
90684 5
20223 5
23442 5
94926 5
55948 5
32377 5
83746 5
33010 5
99830 5
32531 5
68875 5
20997 5
81121 5
97876 5
18256 5
07444 5
84176 5
74526 5
31039 5
45326 5
61446 5
11576 5
26299 5
54562 5
85023 5
81468 5
63436 5
51608 5
78695 5
17763 5
18713 5
39543 5
30767 5
70357 5
98316 5
60044 5
96529 5
79827 5
30436 5
60527 5
39791 5
94510 5
90440 5
90909 5
25355 5
75262 5
26824 5
08478 5
77341 5
47331 5
83239 5
55289 5
01251 5
48688 5
67722 5
34721 5
96966 5
46472 5
19330 5
75979 5
01820 5
21002 5
82855 5
99100 5
21165 5
47228 5
93933 5
45949 5
18209 5
75552 5
07472 5
56658 5
15110 5
64155 5
55554 5
89448 5
88677 5
86929 5
96554 5
87079 5
02254 5
82217 5
63066 5
80148 5
76941 5
58196 5
88635 5
50135 5
90638 5
92133 5
62384 5
09388 5
52896 5
30633 5
08471 5
43979 5
69027 5
29869 5
28006 5
90286 5
73207 5
45014 5
02820 5
44242 5
95568 5
94346 5
31340 5
20754 5
64009 5
33761 5
37223 5
62168 5
61103 5
20845 5
79746 5
10627 5
58491 5
54255 5
34471 5
89741 5
95970 5
34943 5
69131 5
04252 5
99184 5
54675 5
07528 5
34841 5
00541 5
29800 5
56666 5
69517 5
65125 5
75666 5
78519 5
17319 5
46352 5
88124 5
65216 5
15704 5
21548 5
83060 5
81933 5
43199 5
79785 5
40247 5
57057 5
31098 5
13196 5
90066 5
91156 5
51733 5
57573 5
65469 5
71354 5
57020 5
09751 5
94697 5
92658 5
01085 5
18382 5
99977 5
64035 5
91735 5
50753 5
72241 5
04418 5
06789 5
23884 5
13892 5
95747 5
44718 5
29135 5
38704 5
17627 5
51853 5
35380 5
00926 5
17650 5
27668 5
97376 5
90119 5
07509 5
66635 5
47163 5
35494 5
44039 5
75006 5
53577 5
01006 5
36220 5
28393 5
04992 5
90838 5
00123 5
43527 5
09527 5
67058 5
19566 5
05457 5
02085 5
24123 5
74857 5
28180 5
09006 5
56907 5
84157 5
07386 5
80300 5
83148 5
94938 5
45158 5
14790 5
44325 5
58097 5
61085 5
43014 5
64178 5
71082 5
74626 5
28076 5
72785 5
92260 5
56166 5
21968 5
29921 5
40250 5
13435 5
73311 5
93255 5
29936 5
33930 5
21049 5
58522 5
61615 5
41708 5
40405 5
02839 5
10541 5
90775 5
34294 5
03932 5
31807 5
52069 5
92120 5
14024 5
93755 5
41330 5
01065 5
96972 5
28477 5
76001 5
94826 5
14831 5
96696 5
46953 5
63416 5
07231 5
10398 5
73059 5
13201 5
78162 5
97635 5
49847 5
37500 5
90797 5
28538 5
84348 5
83001 5
56427 5
56540 5
01475 5
52734 5
03726 5
09999 5
02635 5
26980 5
87292 5
79307 5
53130 5
04845 5
51947 5
38157 5
02874 5
23644 5
58893 5
09682 5
92189 5
07652 5
37883 5
39880 5
07260 5
61647 5
95452 5
30437 5
47520 5
73986 5
54459 5
26151 5
35228 5
68464 5
12772 5
88985 5
44296 5
68655 5
06550 5
95058 5
91125 5
59327 5
08493 5
23012 5
26117 5
61072 5
16368 5
16185 5
42716 5
06082 5
04233 5
96454 5
24967 5
48328 5
93073 5
54230 5
66348 5
00100 5
44154 5
61153 5
60084 5
85857 5
55886 5
82547 5
10382 5
44633 5
12834 5
04707 5
32742 5
23818 5
58903 5
00083 5
22835 5
09416 5
67349 5
05610 5
89622 5
29010 5
59759 5
58692 5
39005 5
63803 5
20059 5
47409 5
55852 5
81880 5
09270 5
77537 5
45478 5
33885 5
46723 5
17106 5
63695 5
49034 5
95453 5
43891 5
79639 5
67799 5
66993 5
33192 5
06107 5
00532 5
22798 5
71498 5
64248 5
27289 5
78698 5
34134 5
23485 5
05877 5
90477 5
96880 5
76865 5
49399 5
05419 5
73675 5
29887 5
42030 5
78493 5
31961 5
05535 5
14079 5
69913 5
02141 5
34752 5
05165 5
11426 5
75430 5
42559 5
40431 5
89123 5
61420 5
19062 5
12467 5
62802 5
